HYMEKO_SYNTHETIC_CHEBY_COMPARE_V1
cases 3
case moons
samples 256
hidden 32
k 5
tensor x 512 256,2
-0.882008195 0.593078136 0.256692559 -0.168444961 -1.0054121 0.150925383 0.0738935843 0.0841108263
-0.789218903 0.575169384 0.850720763 -0.44263643 0.351581454 1.07939363 1.41118848 -0.459842473
-0.682139874 0.678766727 0.0939709097 0.0383496843 -0.904760301 0.546299458 1.05508697 -0.607181907
0.594806612 0.862228215 0.247524619 -0.123946115 0.536962688 0.883808851 0.211136103 -0.289459258
-0.962931573 0.42677027 0.250900179 -0.346471548 0.248954922 0.95028162 1.81917036 -0.0510691293
-1.03138256 0.111953296 0.0934414268 -0.114863291 0.516342938 0.808948815 0.21705009 -0.0709121227
0.524777234 0.98315227 1.95384502 0.110691607 0.49469474 0.833959579 0.580114782 -0.468672782
-0.897633314 0.0981791466 0.693990469 -0.420633525 0.357105404 0.847794175 1.48542082 -0.436178565
0.435990244 0.974283576 0.469186097 -0.522270977 -0.00388824032 1.02883983 0.0790722519 0.0248456225
0.34774524 0.959005356 0.237799495 -0.199953496 -0.181968451 0.97210747 1.43695581 -0.561357141
1.04809523 0.183623776 0.821591616 -0.507375538 0.486455649 0.737860084 -0.00413311087 0.343203455
0.854863584 0.544510543 1.14770126 -0.536282778 1.06314826 -0.0703374073 1.94844699 0.338883698
0.39553979 0.9204548 0.0966464952 0.0106626078 -1.00480723 0.031568639 1.31137407 -0.607267559
0.916640818 0.0354069993 2.01648355 0.447408378 -0.0173632037 0.928393722 0.726906776 -0.52399528
1.12598729 0.1072504 1.81320131 -0.134707749 0.697986603 0.69953531 -0.0133709684 0.274260849
0.331824839 0.936190963 1.82524657 -0.0138247013 -0.397633046 0.972884417 1.01342428 -0.569547117
-0.898492813 0.0583686382 1.51696122 -0.46818012 0.173735633 1.05795705 1.97028935 0.0693962201
0.567970276 0.94639051 1.32773674 -0.552390993 0.681809962 0.790361643 1.97147417 0.385516346
-0.205881998 1.02613032 2.04786325 0.262876272 0.429663152 0.875105381 1.69599307 -0.292138875
0.903699398 0.474647999 0.214011163 -0.0856872573 0.761607468 0.638160944 0.590040445 -0.51278919
0.375323415 0.885082245 0.812296271 -0.49926734 -0.622045875 0.820583224 0.873538852 -0.598751366
-0.79810077 0.681119859 0.856136084 -0.512703896 -0.698273838 0.508958459 1.9261719 0.0300605409
1.04284167 0.035636846 -0.0206306837 0.329764843 0.0538104177 1.05512083 1.45245814 -0.390772671
-0.465696543 0.864924967 0.880413055 -0.644221902 1.01230335 0.0870818272 1.96736705 0.120302238
-0.870531619 0.236564174 1.96157682 0.0363959372 1.0177598 0.00776308123 0.205770567 -0.151653379
-0.966709673 0.412350655 0.846708059 -0.545919538 0.785270333 0.527017951 1.91671634 0.139265537
0.0703428984 0.991947114 0.306809902 -0.22064653 -0.329048932 0.881612539 0.11259418 -0.118462361
0.686896503 0.773789287 0.0367161483 -0.0649458244 0.742496789 0.770627797 1.6670332 -0.214580312
0.852961302 0.691546917 1.61066556 -0.274801493 0.925161123 0.579148352 1.6516633 -0.252659768
-1.01703835 0.123032808 0.695559025 -0.447122872 0.57368809 0.765831292 1.82355273 -0.270007789
0.926505268 0.219651386 1.80131543 -0.0855064616 0.285505295 0.930578947 0.00403470546 0.22243154
0.800791144 0.713560224 1.36627042 -0.410809845 0.163366824 1.10330534 1.19570565 -0.606172383
-0.741340101 0.6759395 1.74030209 -0.167268038 0.675798178 0.848200381 0.433503002 -0.22249563
-0.0353622176 0.93414408 0.422204047 -0.461067587 0.309699714 0.905531228 1.96545923 0.306183934
0.468248516 0.991429687 2.0447104 0.18766138 -0.784401238 0.638865173 1.86687469 0.105261154
0.950851321 0.347648472 1.87193513 -0.104054078 1.02099681 0.00212539081 1.53329444 -0.480496198
0.830939949 0.266496837 0.00904333498 0.325698972 0.289048791 0.957443535 1.26235819 -0.563032508
1.02279568 0.399025381 0.60721904 -0.496338308 -0.803937495 0.461526573 1.3288157 -0.59857893
-0.809705138 0.569392383 0.857103407 -0.477714419 -0.842918992 0.591082036 0.249311462 -0.0825185403
0.402059406 0.96889025 0.122974612 -0.13032259 0.280624002 0.959369004 1.79024291 -0.0759980083
-0.563332379 0.915299475 0.9763363 -0.47198233 0.723785639 0.663983703 0.113128051 -0.132019222
0.320685089 0.935612857 0.384285212 -0.184451476 -0.661900163 0.78600955 0.586324751 -0.472050726
-0.801139772 0.673692405 0.957132101 -0.54203403 0.702919364 0.851455033 1.56180656 -0.294007808
0.931548953 0.378527999 1.19184852 -0.625043988 0.791374505 0.637935936 0.628748357 -0.534081697
-0.94025743 0.48814097 1.97023332 0.35345614 -0.236213014 0.955675781 0.112610899 -0.00295603275
0.284959614 1.02920687 1.84744072 -0.0894711837 -0.257491529 0.878978014 1.76134908 0.0402475595
-0.93514055 0.111107737 0.265443146 -0.18215774 -0.783359647 0.595378399 0.886933029 -0.589644134
-0.328105032 1.00364542 1.9790076 0.431328475 -0.191217691 1.06464779 1.33922827 -0.499649078
0.415508091 0.912574887 0.0476598479 0.00534048723 0.350236654 0.940928221 0.158566296 -0.0537283346
0.472380817 0.915351987 0.485239774 -0.428717166 0.560843289 0.756394029 0.0137515655 0.285469294
-0.814323306 0.654680192 -0.0527411103 0.371732712 0.349966884 0.939556062 0.559371471 -0.393206298
0.817882061 0.509069383 1.47021365 -0.402642667 -1.03241539 0.109172508 0.00337571977 0.324443072
-0.571198761 0.822256982 0.0615971424 0.128423303 -0.376547962 0.922763348 0.107968509 0.0587228388
0.296635777 0.967583179 0.0803036094 0.239392728 0.25915125 1.02604628 1.77932012 -0.218211204
-0.665097713 0.866604447 0.65374881 -0.553825915 -1.04307485 0.0656109303 0.0075655384 0.333662957
0.675881028 0.81821394 0.806149244 -0.454337925 -0.132114097 0.936025083 -0.0379299149 0.357623249
0.920444369 0.287286729 1.61272001 -0.425872236 0.406456709 0.82621026 1.34313858 -0.557715893
0.582329869 0.730226576 1.30745101 -0.362591445 -0.438102216 0.813465774 -0.0483510382 0.236633003
0.133123204 1.02684009 1.25795174 -0.561548352 -0.48810184 0.936556876 1.53228652 -0.43546474
-0.314417601 0.990380943 0.724889994 -0.483870417 0.666764379 0.778695405 1.03187561 -0.519402206
0.597695708 0.797694683 1.28523874 -0.549060345 -0.259553522 0.899622321 1.38060713 -0.526179731
-0.738711238 0.662465155 1.58976734 -0.383183092 0.702706754 0.72503227 0.023077894 0.455916435
-0.857856452 0.616962314 0.218713239 -0.193871006 -0.85406822 0.413923323 1.96535254 0.142175734
-0.83339715 0.412817329 2.03219342 0.27951315 0.19041495 0.88592732 0.616851807 -0.402803957
endtensor
tensor y 256 256
0 1 0 1 0 1 0 1
0 1 0 1 0 1 0 1
0 1 0 1 0 1 0 1
0 1 0 1 0 1 0 1
0 1 0 1 0 1 0 1
0 1 0 1 0 1 0 1
0 1 0 1 0 1 0 1
0 1 0 1 0 1 0 1
0 1 0 1 0 1 0 1
0 1 0 1 0 1 0 1
0 1 0 1 0 1 0 1
0 1 0 1 0 1 0 1
0 1 0 1 0 1 0 1
0 1 0 1 0 1 0 1
0 1 0 1 0 1 0 1
0 1 0 1 0 1 0 1
0 1 0 1 0 1 0 1
0 1 0 1 0 1 0 1
0 1 0 1 0 1 0 1
0 1 0 1 0 1 0 1
0 1 0 1 0 1 0 1
0 1 0 1 0 1 0 1
0 1 0 1 0 1 0 1
0 1 0 1 0 1 0 1
0 1 0 1 0 1 0 1
0 1 0 1 0 1 0 1
0 1 0 1 0 1 0 1
0 1 0 1 0 1 0 1
0 1 0 1 0 1 0 1
0 1 0 1 0 1 0 1
0 1 0 1 0 1 0 1
0 1 0 1 0 1 0 1
endtensor
tensor input_w 64 2,32
0.428043783 0.630122721 0.409295857 -0.135915041 0.337274134 0.465224683 -0.235099167 -0.251735777
0.499008 -0.0845450759 0.660511672 -0.216111928 -0.237020552 -0.256759107 0.673172772 -0.171508491
-0.222545892 0.0015039444 -0.179050744 0.10804671 -0.645629466 -0.256369084 -0.455363899 -0.672968507
-0.219352096 0.693813622 -0.657928288 0.000343501568 -0.654106915 -0.36229676 -0.142571151 0.187318444
-0.386135757 -0.53768599 -0.0459468365 0.189911008 -0.499863625 0.051820159 -0.399733275 -0.382969439
-0.357974827 0.473111808 -0.4940328 -0.393826395 0.529847205 -0.216873109 -0.19066906 0.200072944
-0.236169934 -0.528171182 -0.387780577 0.180748463 -0.106785774 -0.661746502 0.0836760998 0.682138145
-0.534035385 0.133611917 0.670884669 -0.124392986 0.39114958 -0.630011857 0.441906273 -0.00692331791
endtensor
tensor input_b 32 32
0.62160033 0.219333947 -0.0458605886 0.577523768 -0.197286785 0.163916349 -0.3552154 0.689268172
0.0455866456 0.588165104 -0.176577091 0.351349771 -0.515206695 -0.468912512 -0.448044509 -0.176802576
-0.206234038 -0.0869116187 0.232071996 -0.0914102197 0.311182797 -0.0799758434 0.44315654 0.491072357
-0.671112657 -0.658379376 -0.0197387934 0.22259438 0.214216411 -0.0482894778 -0.685888588 0.526453793
endtensor
tensor cheb_coef 160 32,5
-0.207446322 0.00136629899 -0.00936473813 0.0322208628 0.000874173362 0.0702000409 -0.00108784693 0.0114014009
0.0103434063 0.218772605 -0.0065356046 0.0599842854 0.206514701 0.0952830464 0.0712378547 -0.218357727
0.064466849 0.0692406222 -0.0552616976 0.130315974 0.130206466 -0.0680237934 -0.0785852373 -0.153003141
0.0289780404 -0.143118739 0.0325572565 0.10699445 0.256550223 -0.0807188451 0.0365914069 -0.0735048279
-0.114340775 0.167767569 -0.000947904424 0.0604094341 0.106111266 0.034170866 0.096979104 -0.129900008
0.13021563 -0.0616778694 -0.083175689 -0.0572354682 0.061109256 -0.079014726 0.00234581623 -0.204392552
0.00698795123 -0.0255598668 0.0482529402 0.0482994616 -0.0259329323 0.0434908979 -0.168360695 0.053366363
-0.0438855514 0.00191420584 -0.0886254013 0.1298168 0.0317276679 0.0854463428 0.0954596773 -0.118552797
0.0443798564 -0.118050717 -0.021249963 -0.0266056396 0.0474494956 -0.0650407299 0.0174588244 -0.0770762339
-0.141063675 0.0125900703 0.0751738027 -0.0562643111 0.0897523835 -0.0333840661 0.156688541 0.0549509414
0.181469008 0.0458772704 0.025863437 -0.0569437407 -0.0878844112 0.18030642 -0.124641947 -0.172239676
-0.062438108 0.255470067 -0.128755346 0.0133185182 -0.0531446114 -0.0255857706 -0.0512224212 -0.1078851
0.00996221043 0.0547175221 -0.0637552217 -0.0293281134 0.0451479219 -0.0452335738 0.0805120692 0.0314514861
-0.0973006785 0.0137890745 0.0738439485 0.0511726737 0.0769678801 -0.074700743 -0.0107155591 0.00586849498
-0.0522796176 -0.0280451383 0.138593197 0.0616810322 -0.0171068497 -0.0326402597 -0.102323495 0.171143398
-0.143471897 0.0281368531 -0.0322550423 0.0158901047 0.101513341 0.017510863 -0.0300198998 0.0179891121
-0.0472927578 -0.117879368 -0.0494373851 -0.0408562087 -0.060534209 -0.118808344 -0.0135072945 -0.0283519905
0.0117987609 -0.0940107331 -0.0793646947 -0.127999842 -0.0560916662 0.0753459781 0.141812846 -0.000814905507
0.0223426912 0.0316271335 0.0853936374 0.120910287 0.108052149 0.148066998 -0.0702570975 -0.00331245782
-0.0872633979 0.132097691 -0.10214787 -0.0667716265 -0.139066443 -0.0381870344 0.0284771677 0.00340650789
endtensor
tensor head_w 64 32,2
0.012454316 0.0447392613 -0.0909568593 -0.151767612 -0.0603418946 -0.0989975482 0.125735566 0.166082993
-0.0267895907 0.0627076328 0.151257858 0.0677594244 -0.175716177 -0.0526558235 -0.176259175 0.144408688
0.000156968832 0.0279074907 0.105249062 -0.0237484276 0.103546366 0.0247429758 -0.107293271 0.0476602912
-0.0685040727 -0.136313856 -0.0797616467 0.0664015114 -0.1534722 0.017318204 -0.121378303 -0.0863492787
0.0996401459 0.113407984 -0.0430047065 0.145059869 -0.140917778 0.127707198 0.00359153748 -0.0166438818
-0.0719287619 -0.06636253 -0.057363525 0.0568351448 0.0207472295 0.0211590379 0.11419715 -0.106820807
-0.0877660885 -0.100760788 0.004691571 -0.166057989 -0.0653045177 -0.104234762 -0.117636047 -0.134801418
-0.00788171589 0.0177183896 -0.131243855 0.0829954892 0.0312515348 -0.125792533 0.0505186915 -0.02666834
endtensor
tensor head_b 2 2
-0.0367932767 0.111419901
endtensor
tensor logits 512 256,2
-0.144676119 0.118789546 -0.168390185 0.137671798 -0.14123258 0.11119014 -0.176957026 0.118802719
-0.151755646 0.1165196 -0.149426982 0.198045999 -0.181535259 0.101364426 -0.136248931 0.223757043
-0.156081721 0.116421148 -0.175712913 0.120880932 -0.144296825 0.118447803 -0.14343369 0.217929959
-0.178542539 0.106432244 -0.169911072 0.135212928 -0.18012777 0.10532961 -0.164595902 0.139399558
-0.142614305 0.117407113 -0.162276372 0.144896895 -0.183017954 0.104968674 -0.113233849 0.214014024
-0.139267713 0.110845834 -0.171093851 0.125186726 -0.18045719 0.108044088 -0.171846524 0.131187707
-0.180368692 0.101852119 -0.101447992 0.20794557 -0.181018695 0.106994621 -0.154224366 0.178424641
-0.147579998 0.106570393 -0.153389812 0.184987873 -0.183249071 0.106330484 -0.134352028 0.223699227
-0.181840822 0.102702081 -0.154072344 0.171836153 -0.177802175 0.108378984 -0.175361767 0.120507911
-0.182755783 0.103809893 -0.167521462 0.137659505 -0.173425153 0.111578591 -0.137830377 0.22485435
-0.150512636 0.167986527 -0.148872107 0.199457407 -0.180897221 0.110451519 -0.181900248 0.111717768
-0.16510497 0.130454451 -0.14203155 0.219398394 -0.147248536 0.188428402 -0.093915917 0.195220321
-0.182574242 0.104375966 -0.174933419 0.121756934 -0.140139446 0.107420996 -0.139973193 0.225069284
-0.155030593 0.171260476 -0.0866926163 0.189054579 -0.179861292 0.108681045 -0.150290459 0.193268627
-0.145698383 0.178708166 -0.116657555 0.216218323 -0.173909321 0.115854025 -0.180803284 0.112321153
-0.183014482 0.104426339 -0.111639038 0.21272704 -0.162807062 0.115434021 -0.14436692 0.214478135
-0.147010863 0.105389625 -0.134583339 0.223869681 -0.180781066 0.104845278 -0.102502003 0.209338948
-0.179437101 0.10300529 -0.139059722 0.224522322 -0.175271273 0.110709183 -0.0912127271 0.19245705
-0.170549065 0.112314761 -0.0908662751 0.201393247 -0.182246789 0.105528139 -0.125753045 0.220239088
-0.161727712 0.137542337 -0.171419665 0.131555289 -0.170617372 0.12108966 -0.152802259 0.181633979
-0.182937562 0.105358139 -0.149211794 0.198359624 -0.155099705 0.117490143 -0.14636898 0.207484782
-0.148005217 0.118552193 -0.148089051 0.202168435 -0.158869624 0.113385342 -0.105933122 0.210897699
-0.149227157 0.179268837 -0.181601107 0.111514285 -0.178600803 0.107196607 -0.134123325 0.222628102
-0.163178176 0.115500912 -0.145578861 0.209880531 -0.151269242 0.173425138 -0.100459769 0.207554549
-0.150178522 0.109993376 -0.104305461 0.210383534 -0.150102273 0.179805011 -0.169383213 0.13353467
-0.142576993 0.117177621 -0.147696391 0.203189939 -0.168243363 0.128977448 -0.102065049 0.206568539
-0.180430785 0.107118577 -0.166130543 0.143550605 -0.169833705 0.113430575 -0.170938447 0.126445577
-0.174959496 0.111646757 -0.172686741 0.120621487 -0.172724962 0.112789623 -0.123950183 0.219102278
-0.166884735 0.120285667 -0.12735261 0.220629185 -0.161844686 0.130656391 -0.125565365 0.2200481
-0.140297025 0.110709585 -0.15270932 0.186612278 -0.178721398 0.110381745 -0.122244664 0.216921926
-0.157194197 0.158037007 -0.11515715 0.215133131 -0.183222383 0.104926147 -0.179962784 0.113519013
-0.16962406 0.117465302 -0.136502132 0.221829578 -0.179658398 0.104686245 -0.14139013 0.223004848
-0.152199373 0.117431007 -0.120135769 0.217640191 -0.175863609 0.10773018 -0.164200887 0.153168991
-0.179286882 0.108957179 -0.156637758 0.164636835 -0.183339223 0.105213799 -0.0938619301 0.197784826
-0.181319222 0.10197369 -0.0941401422 0.204776421 -0.150354013 0.117607698 -0.105642118 0.207819939
-0.15762648 0.14951174 -0.113586277 0.214753211 -0.149889857 0.18043223 -0.134677306 0.22371614
-0.162456825 0.149143443 -0.181735322 0.112220638 -0.182968765 0.104417868 -0.140154138 0.223640934
-0.154269651 0.149113342 -0.153004214 0.182176858 -0.152992159 0.114365868 -0.139665365 0.225114599
-0.150494546 0.116823144 -0.148670077 0.200404882 -0.147587091 0.117926732 -0.171178758 0.133659482
-0.182256386 0.103110924 -0.170520186 0.127460018 -0.182953984 0.104475319 -0.115209982 0.214884564
-0.154961035 0.117587402 -0.146067917 0.207922444 -0.172517031 0.118496254 -0.170490965 0.126908004
-0.183073491 0.104528747 -0.166206703 0.147541746 -0.153762415 0.117694654 -0.154026881 0.179125339
-0.148040205 0.118495099 -0.14567852 0.210125685 -0.174895272 0.107852697 -0.129212797 0.220990568
-0.159041286 0.146134689 -0.141522273 0.223311976 -0.169264957 0.121989161 -0.151631624 0.185971051
-0.143078327 0.118150018 -0.0921744257 0.194713756 -0.171680987 0.112454072 -0.174501032 0.12296129
-0.182138443 0.103287973 -0.113740042 0.214841083 -0.173129082 0.112242088 -0.112669095 0.209863573
-0.145439222 0.107899688 -0.167853191 0.138863817 -0.151646137 0.116795242 -0.146293551 0.20793952
-0.165392429 0.114456005 -0.08955504 0.189220503 -0.169743791 0.112211883 -0.138199717 0.223681897
-0.182360113 0.104496375 -0.174811333 0.119462319 -0.182869747 0.104179703 -0.17279385 0.127075896
-0.181473061 0.104243167 -0.156892121 0.168303877 -0.179043442 0.110625036 -0.18113704 0.112876967
-0.147719651 0.118445456 -0.181836218 0.110529631 -0.182880804 0.104211904 -0.156771526 0.172541603
-0.166481212 0.131454676 -0.133948505 0.223052025 -0.139178455 0.110794105 -0.181685671 0.1121061
-0.158363521 0.116694726 -0.178058848 0.117276415 -0.165996477 0.114626214 -0.176229671 0.121011339
-0.182860509 0.10415788 -0.180446669 0.115637146 -0.182092205 0.103731625 -0.120954037 0.218014836
-0.150091171 0.118647322 -0.150734127 0.189046219 -0.138082236 0.10978362 -0.181840494 0.112086609
-0.175677016 0.10921663 -0.150218174 0.195473105 -0.176333264 0.110536039 -0.181817994 0.110903107
-0.15841791 0.152533352 -0.13190034 0.222337902 -0.182649449 0.106942229 -0.138912603 0.22476159
-0.178239554 0.112092607 -0.137574226 0.218487158 -0.166460484 0.114431821 -0.179889143 0.111844033
-0.180812076 0.105832651 -0.14021036 0.223514229 -0.158917174 0.116609864 -0.133481368 0.223513126
-0.16666019 0.114112362 -0.151257321 0.190952033 -0.175739706 0.11107742 -0.144404143 0.213340968
-0.178170756 0.109262593 -0.139671624 0.223801315 -0.172439143 0.112441793 -0.137888819 0.224621877
-0.152799621 0.117157392 -0.130964041 0.222522616 -0.173950627 0.114551261 -0.183278039 0.110961542
-0.145737946 0.11868982 -0.16788061 0.136072591 -0.150350183 0.114338815 -0.099666357 0.206653923
-0.151717156 0.113839157 -0.0910475701 0.200382113 -0.183500856 0.106434733 -0.155419275 0.177783906
endtensor
endcase
case spiral
samples 256
hidden 32
k 5
tensor x 512 256,2
-0.494194061 0.483414799 -0.00885896012 -0.701314569 0.428026944 0.543032169 -0.419833243 -0.488195717
-0.0851185471 -0.507512808 0.0991613343 -0.268229067 0.122470632 0.0712611675 -0.0951360464 -0.195450112
-0.688303053 0.0953646526 0.311767995 -0.0142244538 -0.000193984 -0.522307634 0.00543165021 0.42899707
-0.219513565 0.188882679 -0.522278547 -0.3160972 0.064982757 0.152664959 -0.0230836272 0.445004374
-0.405993223 -0.024524061 -0.0384805128 -0.210413948 -0.377629787 0.193267569 -0.0192472171 -0.203677997
-0.80954349 -0.217370063 -0.114009798 -0.0776991844 -0.133363575 -0.885106981 0.500768125 -0.512468934
0.0384059064 0.231696188 0.262251705 0.995197475 0.207381234 0.683156431 -0.056363225 -0.665724933
-0.873227239 -0.128947586 -0.548199356 -0.167610258 -0.813575804 -0.295633137 0.208575517 -0.0567962714
-0.45240292 0.611474812 -0.117106162 -0.1451983 -0.232601553 0.154778793 -0.146277443 -0.066665411
-0.294074118 -0.823528469 0.308383912 -0.0496279597 0.542002797 0.198970243 0.375959456 -0.109592944
-0.134207949 -0.408785343 -0.288748533 0.386608034 -0.0312085394 0.162612483 0.771004975 0.544783711
0.130544499 0.05632383 -0.58374387 0.0130120069 0.0551465973 0.168602988 -0.134345129 -0.106290989
-0.397934675 -0.763638854 0.61259836 0.580888689 -0.559050679 0.572661102 -0.116002135 -0.259639144
-0.30120185 -0.0874936134 -0.160256937 0.440516204 0.325631589 -0.389492422 0.662564278 -0.36167717
0.145651489 0.591165483 -0.339837223 -0.580328405 0.408509582 0.466533691 0.325678051 0.134966165
-0.0554495454 -0.49577406 -0.549180806 0.104091734 0.260688514 0.573854089 0.578994155 -0.469088078
0.385777295 -0.379272282 0.285424829 -0.633261263 -0.25538817 -0.46620214 0.63192302 0.694426537
-0.0964618027 0.259617984 -0.527705729 -0.404953271 -0.157202139 -0.349426419 -0.476005644 -0.460008413
0.447315931 0.178889319 0.738289654 0.213041812 0.242415801 -0.428502917 -0.0781498626 -0.12154039
-0.344194859 -0.142560631 0.227367193 -0.104985677 -0.212889463 0.210792333 -0.597659826 -0.0526727177
0.620756865 0.0900051743 -0.450823188 -0.396351129 0.0803081244 0.253354996 -0.0425408781 -0.2422757
0.29105249 -0.441081464 0.468251735 0.743631482 -0.386762202 -0.883402526 -0.0426496826 -0.322598308
-0.328835517 0.108651072 -0.00397067284 0.415778697 -0.0063632126 -0.398780107 0.719311535 -0.268492848
-0.546971679 0.582763135 0.162803814 -0.231411189 -0.36295265 0.0531284697 -0.059770871 -0.223895788
0.509574413 0.394521505 -0.0872619227 -0.139239341 0.222171605 0.69159019 0.728871763 -0.233890742
-0.369157076 -0.000807281816 0.33643654 0.0290124882 -0.0802564323 -0.478199482 0.326658994 -0.184578553
0.0501359254 0.0820649639 0.21320127 -0.178794727 0.239911824 -0.46086812 0.0469925739 0.497994214
-0.710096836 0.18997927 -0.0671018809 -0.0692897588 -0.0562534146 0.735081613 0.00501376344 -0.246968284
-0.0696083754 0.28906408 0.670904458 -0.430056542 -0.672597945 0.367757052 -0.579159558 0.0770467296
-0.0312170107 -0.898759842 -0.10664919 0.521257401 -0.193154126 -0.891218603 0.165774703 -0.749311805
-0.151407883 -0.957218051 -0.597594738 -0.0714758784 -0.750573814 0.0512402169 0.282480299 0.117175043
-0.0479418263 0.259144038 0.294488758 0.195027888 0.479954898 -0.163154736 0.18810676 0.328695506
0.0821746364 0.737340808 -0.161326751 -0.0478585213 -0.269774407 -0.129803628 0.0588347763 -0.217494696
0.0813793764 -0.478238821 0.323984832 0.0654848069 0.61825484 0.106344037 0.545695305 -0.439720958
-0.666561425 0.445534497 0.289973408 0.125816226 0.107548855 0.0104670795 0.236391202 0.304340094
-0.129092216 0.690651953 -0.53134203 0.00555269141 -0.0778966919 -0.458028853 -0.471680671 0.215853855
0.0448792912 0.617282867 0.0516620874 -0.216531619 -0.816047907 -0.044600185 -0.585088074 -0.0438009873
-0.660716057 0.369499117 -0.295365751 -0.604129493 0.118275501 0.022396395 -0.19273299 0.431726128
-0.357349485 -0.068862468 0.0630930886 0.46496895 -0.356834918 0.642717481 -0.527315497 0.0677306727
0.506963015 -0.241210014 0.0548017696 0.876385152 0.458203107 0.355379432 0.320066839 -0.0384091586
0.171551198 -0.493685335 0.120308861 0.873577297 -0.592324734 -0.698363423 0.674355328 0.56735158
0.468833655 -0.289945453 -0.0707245469 0.478778988 -0.310308248 0.168732122 0.211512059 0.417355001
-0.0991134569 -0.432986319 -0.0463545136 -0.229615852 -0.158649221 0.171813399 0.617879868 -0.39171648
0.0990750566 0.064346768 0.282859534 -0.157380849 0.556269646 -0.168470204 0.702731609 0.521370351
-0.804010808 -0.261004329 0.194289461 0.374054313 -0.685278594 0.375760257 -0.573166907 -0.0327017382
-0.124850065 -0.432684779 0.047030624 -0.243575051 0.176670894 -0.51528734 -0.0144066941 -0.22734791
0.12131615 -0.557339728 0.327328473 0.791267216 0.155856043 0.0875213519 0.0764074624 -0.345307529
-0.134015962 0.777895093 0.0749121904 -0.304701358 0.111913189 0.135968685 -0.548207521 0.0170578044
-0.803518832 -0.239922822 0.319696963 -0.0327946879 -0.250110716 0.11070767 0.210193545 -0.717080176
0.095360212 0.188570142 -0.337249696 0.376055002 0.525695562 -0.024086006 0.133208588 -0.692384601
-0.361340493 -0.203617886 0.307282805 0.0602011755 -0.388047725 -0.0291703232 -0.183831573 -0.0149120688
-0.3931261 -0.142598376 0.288879365 0.117850229 0.247131899 -0.415343612 0.208093956 -0.190588474
-0.366177827 -0.0211325381 0.46926567 -0.537482023 -0.014431865 0.223599181 -0.0896514058 -0.131353691
-0.132804573 0.652930617 -0.323564351 -0.626348794 -0.5550071 0.579953969 0.0353316106 1
-0.681349158 0.415738672 -0.467756271 0.148485854 -0.818490922 0.189664945 0.173197761 0.426168203
0.200625509 -0.447049618 -0.46820426 -0.3152906 0.132031694 0.0183862299 0.0914072916 0.423103154
0.0452786088 -0.943606913 0.214425504 0.869320989 -0.0586905144 0.201855555 -0.0632354468 -0.101479113
0.346854508 -0.313749433 0.291208684 0.0813764483 -0.635671258 -0.582618654 0.347945958 0.0534940138
-0.253942579 -0.800907969 0.335868031 -0.0973871797 0.0484734066 0.268788695 0.0107479375 -0.229531705
-0.282593012 0.249754742 0.364877582 0.175373554 -0.0494451597 0.255042166 0.376869559 -0.641319692
0.540941477 0.051281102 0.219772801 0.386147648 0.561320841 0.308470637 -0.492342532 0.181171551
0.602132022 -0.141881481 0.5780164 0.697951019 -0.254803091 0.0658798963 0.197184145 -0.262793154
-0.311516941 0.160341099 -0.556670487 0.135883212 0.0192184635 0.216402486 -0.231751576 -0.644172132
0.00431193318 0.71740979 0.0678766295 -0.20442082 -0.821862459 0.0233753063 -0.616119802 -0.123624943
endtensor
tensor y 256 256
0 1 0 1 0 1 0 1
0 1 0 1 0 1 0 1
0 1 0 1 0 1 0 1
0 1 0 1 0 1 0 1
0 1 0 1 0 1 0 1
0 1 0 1 0 1 0 1
0 1 0 1 0 1 0 1
0 1 0 1 0 1 0 1
0 1 0 1 0 1 0 1
0 1 0 1 0 1 0 1
0 1 0 1 0 1 0 1
0 1 0 1 0 1 0 1
0 1 0 1 0 1 0 1
0 1 0 1 0 1 0 1
0 1 0 1 0 1 0 1
0 1 0 1 0 1 0 1
0 1 0 1 0 1 0 1
0 1 0 1 0 1 0 1
0 1 0 1 0 1 0 1
0 1 0 1 0 1 0 1
0 1 0 1 0 1 0 1
0 1 0 1 0 1 0 1
0 1 0 1 0 1 0 1
0 1 0 1 0 1 0 1
0 1 0 1 0 1 0 1
0 1 0 1 0 1 0 1
0 1 0 1 0 1 0 1
0 1 0 1 0 1 0 1
0 1 0 1 0 1 0 1
0 1 0 1 0 1 0 1
0 1 0 1 0 1 0 1
0 1 0 1 0 1 0 1
endtensor
tensor input_w 64 2,32
-0.214978248 0.274108589 -0.520295084 -0.487011194 0.364151418 0.500383675 0.51872164 -0.0072721839
-0.192473888 0.705439746 -0.404899299 -0.135165632 -0.306987107 -0.703145802 -0.545573413 0.493669927
0.167905807 0.0374372602 0.33937639 -0.576344311 0.675154269 -0.014330864 -0.204163969 0.254096687
-0.0887494683 0.45483309 0.599184215 0.198867023 0.312386572 0.270223916 0.681083024 0.139881432
0.304969966 -0.0163575411 -0.528161943 0.0615797639 -0.391479403 0.524689019 -0.382714361 -0.44442746
-0.0857166648 0.543280542 0.202331603 -0.59248513 0.329732716 0.133966446 0.302982509 0.00904244184
-0.493869364 -0.104855716 0.214923322 0.656645596 -0.22629267 -0.264026582 -0.554704368 -0.00149416924
0.495577514 0.469059765 0.30438441 0.0793861151 -0.316473931 -0.0272912383 0.390735447 0.616522253
endtensor
tensor input_b 32 32
0.540473044 0.234933794 -0.120120883 -0.639343262 0.172843575 0.522981107 0.622807682 0.07543993
-0.0572678447 -0.027782023 0.151892781 -0.564513266 0.610827982 -0.67240864 -0.350445658 -0.565240324
-0.354750931 -0.108720839 0.402600944 -0.611589313 -0.180349588 0.605803668 -0.603491426 -0.202174127
0.121236563 -0.25480324 -0.574798286 -0.00525015593 0.408622682 -0.153940678 -0.414628714 -0.481783569
endtensor
tensor cheb_coef 160 32,5
-0.063503623 -0.0792328939 0.0793173388 0.0873912796 -0.0403522104 0.0974227488 -0.0196385626 0.0099078631
0.0236024596 0.0392920747 0.0267485734 0.0590341091 0.00369039853 -0.125955865 -0.185124725 0.0356773287
0.040967878 -0.0604698174 0.00863762852 -0.0512738712 -0.0190441087 -0.141486749 -0.206042513 0.135672569
-0.154343173 0.071084708 -0.0454709344 0.0278442036 0.0517918654 -0.105243377 -0.105688311 0.0770337731
-0.0996735021 0.0491591543 -0.0230329987 -0.266644746 -0.276558578 -0.00867910963 -0.060179688 0.0113143278
0.0551722422 0.10158924 -0.153765187 0.0400490351 -0.0764728487 0.0971123949 -0.229736015 0.00315410877
0.150278479 0.0886842683 -0.0422541313 -0.128811285 -0.0646293089 0.0157345291 -0.0145092607 0.120307148
0.0579589866 -0.152473256 0.0420387164 -0.0233838502 -0.0572760068 0.099583216 -0.00875082891 0.0962007642
0.0640558228 -0.0452007465 0.0372573547 0.00606108271 -0.206012592 -0.0662622303 0.108197048 -0.131262168
-0.0297400989 0.066521503 -0.0610617809 0.00367606594 -0.0224271435 0.0211620927 -0.1637173 -0.0345476829
-0.168417841 -0.145986333 -0.0417285971 0.118505262 -0.0678193197 0.00777723035 0.0333787054 -0.113932647
-0.0674094781 0.0384975486 -0.0618803985 0.00847164076 -0.0920657441 -0.0598246939 -0.138784692 0.0500473082
-0.190359697 -0.0536233857 0.338247478 0.0550796948 0.219813943 0.00674032932 0.0368304104 0.0277645029
-0.0772356763 -0.0111684389 0.100479901 0.105473869 0.0695119426 0.103544414 0.0388696566 0.00695177261
0.137722299 0.227924228 0.00643475726 -0.141410142 -0.0395726673 0.123315632 -0.0878753737 -0.0445828289
0.134214163 -0.0198767893 0.0167121142 -0.051596839 0.0624057129 0.0412600935 0.0586053431 -0.138881385
0.0552555434 -0.000858305197 0.193849072 0.0192676689 0.0023143841 0.0837824866 0.0168076102 0.0140292589
0.0598544553 -0.0863736048 -0.0148774656 0.0483206324 -0.0303508546 0.185692072 -0.209072456 0.0228114706
0.0171465836 -0.0485750511 0.106004179 -0.182836697 0.0560292564 -0.00896554906 0.233544737 0.0695110485
0.0468535572 -0.179986641 -0.0116156293 0.159539491 0.0219847094 0.0488879867 -0.0516286679 -0.00717675639
endtensor
tensor head_w 64 32,2
0.147700563 0.10661675 -0.164056242 -0.108056888 0.0863234252 0.0597548336 -0.0656766519 -0.0173437595
0.127707526 -0.137361616 0.0836922377 0.0994221717 -0.0721657276 -0.0174429119 0.036141932 0.140049294
0.0628727973 0.067324087 0.0375502706 -0.00329208374 -0.141984671 -0.0190469027 0.0600311905 0.0803677887
0.0787202567 -0.153421581 0.0732426494 -0.0553241 -0.0263804942 0.153870538 -0.099436827 -0.136735037
0.0651913583 0.00465212762 0.120694533 0.0775447339 -0.05249805 -0.152228072 0.165248677 -0.0793927312
0.0748148113 -0.0965206251 -0.118605338 0.0229350924 0.136414841 0.0498423576 0.107481852 0.172702715
0.0366697013 -0.119073316 -0.0952832103 0.134605035 0.0208682269 0.131467447 -0.100046754 -0.0969230831
0.118750259 -0.166951761 -0.108106725 0.0594602227 -0.110587448 -0.00344794989 -0.00230649114 0.0583853573
endtensor
tensor head_b 2 2
-0.168442518 -0.0069386363
endtensor
tensor logits 512 256,2
-0.17467612 -0.0795899704 -0.169631019 -0.0677019134 -0.18083854 -0.0769283623 -0.150143132 -0.0785741657
-0.163420141 -0.0737889558 -0.16959697 -0.0764527768 -0.17103301 -0.0787741244 -0.163342804 -0.0786884576
-0.158250764 -0.0849149227 -0.17502664 -0.0779428706 -0.167433009 -0.0725389048 -0.176259086 -0.0774372667
-0.167362556 -0.0802324414 -0.149572179 -0.0822272673 -0.170968845 -0.0789359957 -0.176521942 -0.0773528293
-0.158745408 -0.0822087377 -0.164981723 -0.0781095624 -0.165353119 -0.081357941 -0.165610909 -0.0780366883
-0.146346077 -0.0870493948 -0.164053962 -0.0796241164 -0.165957123 -0.0632483065 -0.192896098 -0.0689132735
-0.171924204 -0.0787662417 -0.196981311 -0.0711853951 -0.184616834 -0.0746290237 -0.166445568 -0.0693959147
-0.148399904 -0.0880485624 -0.15231353 -0.0834844708 -0.144001245 -0.0869080946 -0.17246367 -0.0779989958
-0.180170089 -0.0775501728 -0.163174048 -0.0792616457 -0.166284338 -0.0804689527 -0.163427904 -0.0799034759
-0.155779064 -0.0683879182 -0.175091922 -0.0777287558 -0.178802326 -0.078605175 -0.177503392 -0.0770478845
-0.161116481 -0.0762532353 -0.17260319 -0.0791712105 -0.169581667 -0.0792999491 -0.180934668 -0.0797964185
-0.171068326 -0.0787255839 -0.156831577 -0.0840292275 -0.171056822 -0.0789342523 -0.163174286 -0.0796323791
-0.15020445 -0.0722104162 -0.181538746 -0.0780240297 -0.177953169 -0.0789894462 -0.16225709 -0.0782066733
-0.159474373 -0.0811057165 -0.175424874 -0.0779039338 -0.180378884 -0.0729547888 -0.195048288 -0.0721054226
-0.181635916 -0.0755893737 -0.152621061 -0.0756062716 -0.179378688 -0.0773859173 -0.175286561 -0.0783868283
-0.164665192 -0.0737223029 -0.160245821 -0.0833702236 -0.181333423 -0.0759836212 -0.195353985 -0.0697220042
-0.182857171 -0.0728468373 -0.184912041 -0.0667582229 -0.156311408 -0.0766499117 -0.183705091 -0.0776283741
-0.170803651 -0.07915546 -0.147826359 -0.0813980699 -0.160404041 -0.0774321631 -0.148583144 -0.0798766389
-0.177392319 -0.0784283951 -0.181512013 -0.0793339983 -0.177387923 -0.0726296008 -0.164471611 -0.0791313201
-0.157395154 -0.0812930167 -0.173081949 -0.0775752515 -0.168037117 -0.080077678 -0.154598549 -0.0842684954
-0.181127727 -0.0784095004 -0.150215536 -0.0803607032 -0.172882438 -0.0785399452 -0.164726362 -0.0777975246
-0.179942787 -0.0720215365 -0.185822785 -0.0755480826 -0.151564598 -0.0684480295 -0.164587229 -0.0767537877
-0.163582459 -0.0813444033 -0.175822124 -0.0775870904 -0.166178927 -0.0751839355 -0.193755701 -0.0739680678
-0.178448215 -0.078742899 -0.171646506 -0.0765522495 -0.161533758 -0.08176364 -0.164249122 -0.0781328157
-0.178972721 -0.0781996697 -0.164052218 -0.0790788084 -0.184884325 -0.0745748878 -0.192782059 -0.0746166557
-0.160032749 -0.0818660557 -0.175481319 -0.0781092942 -0.16347307 -0.0743620098 -0.176832169 -0.076373145
-0.169725731 -0.0790601969 -0.173013926 -0.0769204125 -0.177926108 -0.0719079077 -0.178492025 -0.0766538978
-0.16151005 -0.0845772177 -0.165314212 -0.0793414414 -0.18655327 -0.0737807378 -0.166291118 -0.0773828179
-0.171857893 -0.0788453668 -0.198437721 -0.0703768358 -0.168770701 -0.0825785995 -0.158957496 -0.083791241
-0.172789901 -0.0609670505 -0.178456038 -0.0767672807 -0.162455365 -0.0641298965 -0.181225687 -0.0639747232
-0.166460231 -0.0607918799 -0.154040232 -0.0842690766 -0.155994982 -0.085859336 -0.174437448 -0.0784205049
-0.171391651 -0.0789439082 -0.175089151 -0.0783858746 -0.181656778 -0.0761823803 -0.175472915 -0.0779463202
-0.186656564 -0.0736992508 -0.163367793 -0.0800791234 -0.159426451 -0.0806409568 -0.168087482 -0.0773531124
-0.170720235 -0.07277596 -0.175155699 -0.0782619268 -0.180860937 -0.0784894004 -0.192453623 -0.0706546754
-0.17198649 -0.0816393197 -0.17461136 -0.0784171075 -0.170215786 -0.0787076503 -0.17556873 -0.0780565292
-0.184660017 -0.0745933801 -0.157405853 -0.0834709555 -0.163482055 -0.0747475475 -0.164939567 -0.082012862
-0.182285637 -0.0752616227 -0.167852163 -0.0774110258 -0.151905134 -0.0870481431 -0.155067265 -0.0841176063
-0.168927297 -0.0824400038 -0.154470325 -0.0743904486 -0.170542851 -0.0786984041 -0.174896061 -0.0781544447
-0.158649057 -0.0816821307 -0.177633435 -0.076973334 -0.181935549 -0.0764116347 -0.159375563 -0.0832840353
-0.184404075 -0.074964121 -0.192428842 -0.0717418343 -0.178260416 -0.0781519562 -0.175342813 -0.0777746737
-0.175261587 -0.0716443062 -0.192133486 -0.0719282776 -0.142336369 -0.0778847113 -0.181268558 -0.0786857307
-0.184147179 -0.0742449462 -0.177254036 -0.0771364346 -0.165529996 -0.0809631124 -0.177391052 -0.0773266703
-0.16252555 -0.0754519552 -0.164650112 -0.0779677331 -0.167816684 -0.0799327567 -0.1941479 -0.0715480298
-0.170494616 -0.0788525864 -0.175099462 -0.0768564045 -0.184370399 -0.075955078 -0.180744022 -0.0791179538
-0.14513579 -0.0868603438 -0.17638059 -0.0776474774 -0.169003487 -0.0826219916 -0.155591786 -0.0839739144
-0.161487639 -0.0757293925 -0.167709887 -0.0771249905 -0.175933063 -0.071065098 -0.165686637 -0.0777517632
-0.173939556 -0.0704601035 -0.188059911 -0.0739542097 -0.171837732 -0.0786794126 -0.169181094 -0.0754366294
-0.188257441 -0.0733265206 -0.168883502 -0.0760943145 -0.171534389 -0.0788056403 -0.157491371 -0.0836323798
-0.145759106 -0.0869075954 -0.175305262 -0.0778121427 -0.164897263 -0.0807384849 -0.183010519 -0.0646457449
-0.171994492 -0.0787495896 -0.171819687 -0.0795995146 -0.180579066 -0.0775813982 -0.177626371 -0.0663065463
-0.155827165 -0.0811164901 -0.174802601 -0.078272447 -0.15896973 -0.0820334554 -0.163435087 -0.0803239569
-0.156254783 -0.0817978978 -0.174558714 -0.0784122497 -0.177349463 -0.0728853866 -0.172922537 -0.0768112764
-0.159587696 -0.0818329677 -0.192121446 -0.0683714598 -0.171044484 -0.0789952874 -0.16406402 -0.0791500509
-0.183164418 -0.0751392245 -0.153262198 -0.0743235573 -0.178284049 -0.0788532645 -0.198237509 -0.0699823052
-0.170661688 -0.0821365863 -0.162763625 -0.0823760331 -0.160598978 -0.0858212188 -0.177330956 -0.0772493407
-0.175792545 -0.0725116432 -0.151009977 -0.0814936906 -0.170822665 -0.0786335021 -0.176705346 -0.0773318857
-0.179360494 -0.0578612313 -0.191607654 -0.0723649934 -0.169964194 -0.079282552 -0.165066317 -0.079149738
-0.179688245 -0.0743275434 -0.174494594 -0.0783534274 -0.142035067 -0.0808794126 -0.175680637 -0.0781891197
-0.157653585 -0.0683409646 -0.176190317 -0.0772727951 -0.172787055 -0.0785485059 -0.166502059 -0.0775450617
-0.168263569 -0.0802946836 -0.176076904 -0.0783833414 -0.171277568 -0.0789739713 -0.1906735 -0.0657442883
-0.179930493 -0.0781034306 -0.176819786 -0.0775621235 -0.17892909 -0.0786524415 -0.163526148 -0.0824216604
-0.185246244 -0.0762513429 -0.184044167 -0.0769945085 -0.163735121 -0.0808653235 -0.173118323 -0.0759310871
-0.165274933 -0.081011191 -0.161212131 -0.083294943 -0.171365902 -0.0788997263 -0.157455668 -0.072448656
-0.185893968 -0.073960349 -0.168378234 -0.0774399042 -0.154267237 -0.0868846998 -0.15221262 -0.0844523758
endtensor
endcase
case xor
samples 256
hidden 32
k 5
tensor x 512 256,2
-0.798925579 0.559413373 0.642539024 -0.622608185 -0.717810929 0.734335363 0.960082769 -0.908393383
-0.730988145 0.781339824 -0.746849239 -0.730154395 -0.76599437 -0.797810972 0.797590077 0.620105863
-0.705970228 -0.608116865 -0.819349587 0.728723645 0.677627921 -0.728497267 -0.85154587 0.836699724
-0.922725499 0.762808442 -0.505473971 -0.975665033 0.642738879 -0.775895715 -0.754496396 -0.681553483
0.799919188 0.98956722 -0.810280383 -0.539242685 0.810696125 0.911393106 -0.686197996 -0.669743299
0.655698478 -0.712400496 -0.672669351 0.813405871 -0.787133574 -0.749257863 -0.433765799 -0.840145469
-0.759245872 -0.728944838 0.751100421 0.731512606 -0.635612786 0.703680456 0.991064548 0.833151221
0.693845212 -0.662041843 0.809188604 0.583297908 -0.729782045 -0.807743788 -0.948258042 0.718434155
0.709553361 -0.720817268 0.679070354 -0.724286735 0.929965675 0.936921537 -0.84313482 0.674263775
-0.848739028 0.668634295 0.621854424 -0.816602767 0.713127375 0.83647269 -0.869168222 -0.745920718
0.871516824 -0.731731117 0.698672593 -0.722687364 0.893855929 0.744729519 0.84361434 -0.702162862
0.543003321 -0.643340647 0.835766196 -0.813681245 0.600387573 -0.644535065 0.692494154 0.762339652
0.718738019 0.687992573 -0.472895652 0.75461483 0.717885256 -0.629506826 -0.849452615 -0.757713079
0.668547809 0.688026607 0.868622124 -0.941060901 -0.850016296 0.604764044 -0.663024187 -0.837380826
0.83083272 0.741053343 0.802970231 -0.755032361 0.787903309 -0.855805814 -0.914603651 0.853138745
-0.769233406 0.784410357 0.868690193 -0.785160363 0.778693557 -0.710862219 -0.637542129 0.861369133
-0.609174967 -0.823727727 0.590210676 -0.855283678 0.627899051 -0.692165613 0.635494351 -0.783716142
0.655717134 0.67797029 0.563628256 -0.864251614 -0.682754159 0.903903723 -0.876677334 0.801020503
0.612534523 0.708657622 -0.805041492 -0.844013035 -0.91781956 -0.726623714 -0.589351833 -0.764831424
0.679792762 0.785502672 0.813573122 -0.914616108 0.766501367 0.514356196 -0.706868708 -0.843188643
-0.756040096 0.726687312 0.481217802 -0.805899501 0.764835954 0.930938482 -0.747145712 -0.838300824
0.780023158 0.957565129 0.681623101 0.609810591 0.883154988 -0.741428614 0.727074981 0.870633602
-0.952613473 -0.711314678 -0.699516058 -0.87639761 0.696324289 -0.710962176 0.660381258 0.699559689
0.691922367 0.72821039 0.964913845 0.898559332 -0.753856838 -1.0285759 0.798719227 -0.603572488
0.774963856 0.443475187 0.938543439 -0.667257726 -0.884103119 -0.949792504 0.788594186 -1.01924694
0.630924761 -0.792230308 0.709473312 0.796105623 0.636083841 0.812526405 0.678144634 0.85340327
-0.79475987 0.825703979 0.638977051 0.349675536 -0.830416441 0.829178333 -0.653711855 -0.768332005
-0.808696926 -0.660328865 0.968741894 -0.806523025 0.745575011 -0.79730463 0.611826301 0.803740263
-0.847975492 -0.765103519 -0.629128397 0.768785 -0.790002644 -0.574388027 0.73571974 -0.689040661
-0.714320779 0.567385018 0.618938804 0.723459303 -0.782214344 -0.637631536 -0.627303123 -0.655048668
0.886754811 -0.732401431 1.02647996 -0.991321206 0.894206643 0.562090755 -0.530319214 0.640741467
0.867558718 -0.556904495 -0.85170114 -0.725936711 -0.771200538 1.05247056 0.726415455 0.868081212
-0.882281601 0.787073255 -0.910014689 -0.748505175 -0.763194442 -0.645678222 -0.725446522 0.87616694
0.721226931 -0.769189179 0.781215787 -0.748042703 0.80313009 0.797548234 -0.7196697 0.791631222
-0.791102827 0.6310938 0.40616411 0.923469126 0.805160284 0.852274418 -0.814869285 0.995082855
0.783604145 -0.910355866 0.989788055 0.530068159 0.500978589 0.661679149 0.68553251 0.822168469
0.812465847 -0.850944877 0.819116473 0.908080995 0.853165627 -0.605215728 0.57306385 -0.710841298
-0.739670217 -0.772700369 0.685747087 0.716463745 0.71052289 -0.917915106 -0.640108883 0.852842629
0.557091534 0.771051705 -0.677871585 0.789224625 0.728308558 0.828933656 -0.738763213 -0.780416131
-0.838570118 0.691690385 0.854543567 -0.757847667 -0.939192235 0.822603822 0.8784464 0.806747556
0.485084474 0.95846796 0.993730068 -0.710984826 0.866993785 0.926895499 -0.656510711 0.646740317
0.551143467 -0.751639307 0.941357434 0.900781751 -0.641494513 0.86586529 0.84345156 0.810157776
0.816591144 0.583390474 -0.815383434 0.681677639 0.604154885 0.630155504 0.647945166 0.703252614
0.617674589 0.865209103 -0.909342289 -0.698277175 0.712676346 0.801933646 0.670401871 -0.71555531
0.752637565 -0.787945569 0.625117838 -0.811881304 0.789624751 -0.930786848 -0.666279852 0.787207961
0.650749087 -0.546205878 -0.487728477 -0.676331818 -0.730757296 0.73847121 0.922449231 -0.649533629
0.586990297 -0.696593523 -0.851252317 -0.708485723 0.562792122 -0.752412498 -0.778460681 -0.661418498
0.544346094 -0.707937419 0.962482929 -0.724476874 -0.699390292 0.800906122 -0.757854462 -0.884256601
-0.699805617 -0.85487175 0.992295921 -0.676371276 0.55894959 0.865646839 -0.767491043 0.755680144
1.10460281 -0.805656493 0.75094074 0.421321392 0.741267204 -0.731471658 -0.669467509 0.776868999
0.859442353 0.674809813 -0.845877767 0.766486287 -0.516718566 -0.65225631 -0.775035739 -0.773077369
0.81306529 0.863111973 -0.605673969 0.67807132 -0.666442335 0.798163354 -0.874077797 -0.909359097
-0.615668535 -0.57477212 0.716167688 -0.69262284 -0.792758644 -0.618028045 -0.727863729 0.853549302
0.470490187 -0.684812486 -0.825914025 -0.467121869 0.896894157 0.663870037 -0.770085633 0.819434285
-0.829375505 0.74840492 -0.688050926 -0.823839962 0.782499611 -0.86365217 0.709486306 -0.681396484
0.893896997 -0.718427598 -0.819540143 0.810432196 0.858759105 -0.599253416 0.647386074 -0.949901104
0.813113034 -0.812610984 -0.696450949 -0.80109024 0.745878279 -0.655619621 -0.606233954 -0.617511511
0.715494037 -0.83164376 0.732595742 0.910491943 0.770536005 -0.949678898 -0.725220203 -0.565048277
0.610265017 0.815130293 0.765988886 0.776568234 -0.667345524 -0.687441826 -0.571536422 0.75236851
-0.691980898 0.772868097 -0.76172179 0.736032724 0.81133765 -0.52942127 0.843830884 -0.840203524
0.706501663 0.725942552 0.877741098 0.834292054 -0.629864335 -0.64029479 -0.678242028 0.661948085
0.771773338 -0.807229996 0.694948137 0.793501437 0.796294391 0.539540172 0.77219063 0.674701095
-0.804094195 0.553561985 -0.820892692 0.789332986 0.657318711 0.781727552 -0.54375869 0.762848496
1.00502205 0.759544313 -0.816779554 -0.610517621 0.86304307 -0.818174243 0.839252412 -0.756000102
endtensor
tensor y 256 256
1 1 1 1 1 0 0 0
0 1 1 1 1 0 1 0
0 0 0 0 1 1 0 0
0 0 1 0 1 0 0 1
1 1 0 1 1 1 0 0
1 1 0 1 1 1 1 0
0 1 1 0 0 1 1 0
0 1 1 1 1 1 1 1
0 1 1 1 0 1 1 1
0 0 0 0 0 1 0 0
1 1 0 0 0 0 1 0
0 0 1 0 0 0 0 1
0 1 0 1 1 0 0 0
1 0 1 0 0 1 1 0
0 1 0 1 1 0 0 0
1 1 0 1 1 0 1 0
1 0 0 1 1 1 0 1
1 0 0 1 1 0 0 0
1 0 1 1 0 0 1 1
0 1 0 0 1 1 1 0
0 1 0 1 1 0 1 0
0 1 0 0 0 0 0 1
1 1 1 1 1 0 1 1
1 0 1 0 1 1 1 0
0 1 0 1 1 0 1 1
0 1 0 0 0 1 1 0
0 1 0 1 1 0 0 1
1 0 1 1 1 1 1 1
1 0 1 0 1 0 1 0
0 0 0 1 1 1 1 1
0 0 0 1 1 0 0 0
1 1 0 1 0 0 1 1
endtensor
tensor input_w 64 2,32
0.541258872 -0.454648912 0.491142452 0.000982165337 -0.47297892 -0.503908038 -0.0828714967 0.328634441
-0.222128123 0.138049066 0.483810723 0.265486002 -0.198602378 0.125990689 0.445099175 -0.637849033
-0.0889068246 0.416937053 0.429756105 0.430269063 0.201237202 0.341174543 0.453857362 -0.183754861
-0.322472602 0.601613462 0.31463021 0.335865796 -0.201429725 -0.422139049 -0.499385953 0.120636344
0.227172613 -0.438810796 0.259858727 0.149700522 -0.667082787 0.478172123 0.368466198 -0.117011726
-0.0670595169 -0.483835518 -0.116924286 -0.523617446 -0.626115024 0.39380306 0.233507097 0.342007577
0.177684128 0.425020516 -0.167014837 -0.618647873 -0.698732555 -0.052613318 0.296421587 -0.687245667
-0.330330044 0.536558807 -0.172980666 -0.394795418 -0.697779 0.495011628 -0.116660535 0.168719828
endtensor
tensor input_b 32 32
-0.205849588 -0.103417575 0.134012818 0.387224972 -0.392108142 0.0354962349 -0.615082979 0.212352991
0.695492327 -0.159709811 0.706823051 -0.506581843 0.337933123 -0.191706479 -0.663855314 -0.0388157964
-0.56952107 -0.148635507 -0.481635392 -0.703026772 -0.286207438 -0.299382031 0.132282913 0.492164195
0.292796195 -0.0721908212 0.419335544 0.154889226 0.611991227 -0.174794078 -0.537396252 -0.406948119
endtensor
tensor cheb_coef 160 32,5
-0.0966028422 -0.112528421 -0.115782157 0.0162749309 -0.113790087 -0.004831661 -0.105347238 -0.0970962271
-0.0651668161 0.2720052 0.021034373 -0.0612118319 0.0053876224 -0.116172746 -0.144200131 -0.100216888
-0.177869678 0.0878901109 0.0575006902 0.19525218 -0.186586395 -0.0548727997 0.00699023018 -0.0170029774
-0.0677393898 -0.0956011936 -0.0193243437 0.0932112113 0.0785539076 -0.1698993 0.0421799459 0.0554543622
0.189867094 0.0014950101 0.0601057895 -0.151174411 -0.0208747853 0.0227905344 -0.252007335 0.074723132
0.0603874102 -0.000486113655 -0.0447406285 -0.0164461751 -0.116329551 0.0318258107 0.0408440307 0.13567923
-0.148616597 0.0350270532 0.149650961 0.0132632321 -0.0314569399 -0.109105371 -0.0375387371 0.231194526
0.043016132 -0.0697712153 0.0677208528 0.196399242 0.0277151521 0.0529994965 -0.0339653529 0.18566303
0.160513937 -0.0360893868 -0.0454796851 0.022333838 0.0147815365 -0.0452072956 -0.00601507956 -0.135385841
0.0332505852 0.110713772 -0.164050102 0.118182264 0.0139738787 0.114773408 -0.0849990472 0.0247907564
0.158278346 0.0523964129 0.0755499527 -0.0650590584 -0.158359572 -0.14096649 0.0265898108 0.0334237739
0.0973594636 0.0442322753 0.0158057734 -0.000579476298 -0.0386105813 0.011334463 -0.0645614788 -0.0651315525
-0.111023366 0.0523700304 0.0155614065 -0.203867316 0.0851266682 -0.201049596 0.0989928022 0.089210771
0.0766471773 -0.0523116402 0.0985356793 -0.149514079 0.0333448425 -0.027152095 -0.0627368987 -0.023309242
-0.00377498916 0.128908083 -0.0604261421 -0.025129715 0.131350115 -0.0216482989 0.00549981697 -0.0206461456
-0.138602778 0.151552647 -0.168737426 0.109806277 0.140731677 0.18855229 -0.0174055528 0.0980490744
0.0334326252 0.0320444815 0.0997347906 0.105078481 -0.0290863272 -0.0829517841 0.029105965 0.00214062049
-0.0143877463 -0.0647995844 0.0660371333 -0.0822568983 -0.253942013 -0.0896683708 0.102536283 0.120149158
-0.103513025 -0.111466005 -0.0062199221 0.119529739 -0.0844569281 0.0679277182 0.108498633 0.105916917
-0.0569582656 0.00126634398 0.171165049 -0.0158840436 -0.0829107612 -0.0386743173 -0.103110969 -0.0391760617
endtensor
tensor head_w 64 32,2
-0.171442077 0.165020242 -0.132506222 -0.00154525042 0.163424119 0.136431769 0.074709937 -0.0440374315
-0.0763078406 -0.0698051229 -0.0325624794 0.13299869 -0.0530040041 -0.00429111719 -0.00831580162 -0.0513373911
-0.00764727592 -0.15267083 0.0315429121 0.137272969 -0.0754097924 -0.0321845114 0.0952639729 -0.00690531731
-0.0396817178 -0.139055535 0.091421172 0.0895572156 -0.169473171 -0.0114128441 -0.0875976682 -0.0328900963
0.175688818 -0.10532786 -0.157346368 -0.16925028 0.111569539 0.166992947 -0.174136892 0.122711703
-0.126909643 0.00103211403 -0.0714987963 0.0424025953 -0.0788879395 0.0775166601 -0.0727901757 0.150046572
-0.138531044 -0.0443006605 -0.0413851291 -0.155241132 0.0982450396 0.10022752 0.116120711 0.134158149
-0.0256190449 -0.0223655552 -0.126485765 -0.158552021 0.129288986 0.0182875395 -0.137251839 0.127513722
endtensor
tensor head_b 2 2
0.148643509 -0.167432964
endtensor
tensor logits 512 256,2
0.076082401 -0.201066598 0.299056351 -0.206665233 0.0763306841 -0.206864238 0.316694021 -0.167535573
0.0748001486 -0.206335098 0.225127026 -0.178102031 0.233934894 -0.174314797 0.25878638 -0.240315482
0.209975675 -0.18544139 0.069636941 -0.201300785 0.303685635 -0.196751267 0.0676807612 -0.201075703
0.0637775064 -0.196246669 0.265164942 -0.179069176 0.302679598 -0.194167554 0.217955738 -0.179426655
0.241152614 -0.225015566 0.194985569 -0.180325121 0.246030748 -0.228974342 0.219413966 -0.184349924
0.30210644 -0.198956802 0.0786900744 -0.209218204 0.226275876 -0.174773544 0.252287149 -0.189267948
0.22445938 -0.177345693 0.246954575 -0.238017812 0.0833380669 -0.211300686 0.272880971 -0.22780484
0.303316832 -0.201523438 0.262218297 -0.240852907 0.236586094 -0.176122457 0.0627637208 -0.193937898
0.305352986 -0.196057737 0.303688109 -0.197041899 0.260017812 -0.224860951 0.0691673607 -0.199337274
0.0689547881 -0.198935732 0.302378416 -0.191507325 0.236830682 -0.234476626 0.222891033 -0.16933538
0.314317822 -0.187430188 0.304769039 -0.196363375 0.264927089 -0.233991981 0.312697828 -0.191333711
0.293154478 -0.208412796 0.312553853 -0.182298869 0.296936095 -0.206459269 0.237680748 -0.237985447
0.244896427 -0.240170389 0.0962737948 -0.219010904 0.304148912 -0.203115106 0.225300044 -0.17031078
0.238246441 -0.241094053 0.312993288 -0.1695638 0.070778966 -0.198122397 0.242961928 -0.178663447
0.256928921 -0.235821247 0.310803473 -0.188923717 0.310404062 -0.180999339 0.0650120452 -0.198580444
0.0722568855 -0.204434454 0.3141523 -0.183057383 0.309121817 -0.193783969 0.0811802968 -0.210710227
0.243180275 -0.182124525 0.301596493 -0.189351752 0.299986333 -0.201668277 0.302450478 -0.19378601
0.237060875 -0.241636485 0.300563633 -0.189514428 0.0783888549 -0.208841994 0.066116035 -0.199296176
0.229749978 -0.241228223 0.239249796 -0.170197546 0.218387082 -0.166455984 0.236445546 -0.185908988
0.234870791 -0.237262368 0.311277151 -0.174626455 0.260294676 -0.243247986 0.242225051 -0.175998837
0.0737797171 -0.204764783 0.295035541 -0.197060287 0.239237785 -0.228896052 0.240230009 -0.173884541
0.240011185 -0.227181196 0.244069606 -0.243170917 0.314930856 -0.186003402 0.237067863 -0.232629895
0.214934468 -0.164314047 0.246940956 -0.175009549 0.30442816 -0.19743216 0.236572132 -0.240840465
0.239303738 -0.239289939 0.266298413 -0.225763291 0.266006321 -0.16604504 0.308922052 -0.201518536
0.26515168 -0.243859723 0.317981899 -0.18914248 0.25270474 -0.161903754 0.309580147 -0.166626781
0.302377492 -0.193239346 0.238274574 -0.236309245 0.227808058 -0.236760944 0.231454089 -0.234273762
0.0706932321 -0.20355621 0.252875537 -0.247610748 0.0687145367 -0.201937065 0.234158933 -0.182200953
0.212591007 -0.176437765 0.318632603 -0.175787404 0.308196723 -0.1880178 0.225012973 -0.237464279
0.226439089 -0.170165494 0.0824586451 -0.211407989 0.201040626 -0.180698276 0.306352139 -0.19754231
0.0820692033 -0.206664696 0.229856074 -0.240606487 0.210475057 -0.17909798 0.220325366 -0.188618198
0.315121412 -0.186570838 0.316709101 -0.156748518 0.274298787 -0.238702789 0.0947043151 -0.217396751
0.312854171 -0.201732188 0.220527813 -0.171204269 0.0786207616 -0.207272545 0.237099245 -0.232764289
0.0657802895 -0.198777691 0.221961439 -0.166370705 0.212484643 -0.18014273 0.0753010288 -0.207016617
0.306677818 -0.191495836 0.309612453 -0.190554947 0.25049302 -0.234336466 0.0754996985 -0.206933707
0.073792778 -0.202107802 0.193090767 -0.233036473 0.248098955 -0.23192741 0.0738554001 -0.205140039
0.310164869 -0.176438928 0.288019776 -0.235728502 0.217301518 -0.243933111 0.23387672 -0.235589385
0.311466277 -0.180234984 0.247267753 -0.228958428 0.312470794 -0.198704809 0.297218204 -0.202082053
0.231362507 -0.17691046 0.239078075 -0.239821494 0.30736655 -0.179090947 0.0809792057 -0.210623339
0.219303489 -0.239453137 0.0784861818 -0.208975226 0.239178568 -0.234541863 0.232471466 -0.17666395
0.0690750107 -0.199805841 0.313466251 -0.186109707 0.0634751543 -0.196758479 0.259819746 -0.232103348
0.202012375 -0.230866924 0.320819855 -0.182382509 0.252517521 -0.226925701 0.0834280103 -0.210259095
0.297139108 -0.199457854 0.263216376 -0.22631225 0.0809057653 -0.210531875 0.255120337 -0.232859686
0.26317662 -0.240647331 0.0707439929 -0.201059908 0.232710123 -0.243866876 0.23473236 -0.240910217
0.222984403 -0.234554842 0.214358658 -0.167917043 0.238415271 -0.236004949 0.303022683 -0.198114544
0.308469385 -0.188496903 0.302452475 -0.191787288 0.310310245 -0.17436029 0.0793622881 -0.209541023
0.297353953 -0.212179005 0.230369478 -0.19541806 0.075337857 -0.206184581 0.317030489 -0.191478133
0.297638714 -0.202766553 0.217962742 -0.171807528 0.29780978 -0.19901216 0.21404776 -0.178521976
0.295419633 -0.203246623 0.3190974 -0.183064193 0.0768517703 -0.207942307 0.24627848 -0.17146717
0.244038165 -0.175902635 0.320978314 -0.185318947 0.215253726 -0.235168755 0.0726018697 -0.204325125
0.324512005 -0.167788073 0.263252378 -0.244682401 0.307278872 -0.193783462 0.0792416409 -0.209393948
0.264027596 -0.237174988 0.0677408725 -0.200326055 0.225822896 -0.195062116 0.230115592 -0.174677998
0.24860625 -0.231254831 0.0866014138 -0.213031024 0.0792473853 -0.209522486 0.246970832 -0.163766861
0.210333943 -0.192653596 0.305258989 -0.19810009 0.207180068 -0.179023072 0.0749487057 -0.206800103
0.290067643 -0.207191169 0.183797434 -0.181330115 0.269437671 -0.236375719 0.0721498802 -0.204657808
0.0688116178 -0.200972259 0.240263104 -0.177869737 0.310176373 -0.180573434 0.304658294 -0.19930236
0.315500855 -0.187359005 0.0692063272 -0.202209413 0.312766403 -0.19888933 0.305177391 -0.178905934
0.311502218 -0.183516189 0.236883119 -0.178348571 0.30641371 -0.199808508 0.216482669 -0.191480398
0.307051122 -0.186400577 0.235981345 -0.230550632 0.309547186 -0.173595384 0.203007951 -0.185692936
0.22427538 -0.236980692 0.246664375 -0.236000821 0.222706273 -0.184815004 0.0875002593 -0.21434021
0.0776304677 -0.208271012 0.0732425749 -0.20450902 0.308502942 -0.206614062 0.312855065 -0.179604217
0.241347432 -0.239106357 0.258364081 -0.230980873 0.218237102 -0.189080134 0.0811569095 -0.208988339
0.309532702 -0.185960636 0.236485273 -0.236673623 0.262833238 -0.242043406 0.252627254 -0.239432007
0.075985536 -0.20067358 0.069103539 -0.201890603 0.232081443 -0.237774044 0.0896736681 -0.215593621
0.278389275 -0.230034247 0.205000758 -0.177524954 0.313791096 -0.180522159 0.312681824 -0.187045082
endtensor
endcase
